SetDesc: "CT10 NLO PDF fits using the standard CTEQ PDF evolution but using the HOPPET alphas_s running solution. NEW CT12 grid type. Excluding the D0 Run-II W asymmetry data. mem=0 => central value; mem=1-52 => eigenvector sets"
SetIndex: 11000
Authors: H.-L.Lai, M.Guzzi, J. Huston, Z.Li, P.M.Nadolsky, J.Pumplin and C.-P.Yuan.
Reference: arXiv:1007.2241
Format: lhagrid1
DataVersion: 4
NumMembers: 53
Particle: 2212
Flavors: [-5, -4, -3, -2, -1, 1, 2, 3, 4, 5, 21]
OrderQCD: 1
ForcePositive: 1
FlavorScheme: variable
NumFlavors: 5
ErrorType: hessian
ErrorConfLevel: 90
XMin: 1e-08
XMax: 1
QMin: 1.3
QMax: 100000
MZ: 91.1876
MUp: 0
MDown: 0
MStrange: 0
MCharm: 1.3
MBottom: 4.75
MTop: 172
AlphaS_MZ: 0.118001
AlphaS_OrderQCD: 1
AlphaS_Type: ipol
AlphaS_Qs: [1.300000e+00, 1.501480e+00, 1.754940e+00, 2.077770e+00, 2.494520e+00, 3.040400e+00, 3.766790e+00, 4.750000e+00, 6.133070e+00, 8.090760e+00, 1.092470e+01, 1.512840e+01, 2.153060e+01, 3.156460e+01, 4.778650e+01, 7.491100e+01, 9.118760e+01, 1.219530e+02, 2.068370e+02, 3.667270e+02, 6.822740e+02, 1.337310e+03, 2.773760e+03, 6.116880e+03, 1.441630e+04, 3.651470e+04, 1.000000e+05]
AlphaS_Vals: [3.718955e-01, 3.432310e-01, 3.170766e-01, 2.931495e-01, 2.712104e-01, 2.510548e-01, 2.325058e-01, 2.154104e-01, 2.007971e-01, 1.871087e-01, 1.742942e-01, 1.622987e-01, 1.510774e-01, 1.405831e-01, 1.307739e-01, 1.216087e-01, 1.180007e-01, 1.130496e-01, 1.050583e-01, 9.760207e-02, 9.064712e-02, 8.416259e-02, 7.811935e-02, 7.249032e-02, 6.724790e-02, 6.236818e-02, 5.782768e-02]
AlphaS_Lambda4: 0.326
AlphaS_Lambda5: 0.226
