SetDesc: "CT10 PDF fits using the standard CTEQ PDF evolution but using the HOPPIT alphas_s running solution. Excluding the D0 Run-II W asymmetry data. mem=0 => central; mem=1-52 => 90% eigenvectors"
SetIndex: 10800
Authors: H.-L.Lai, M.Guzzi, J. Huston, Z.Li, P.M.Nadolsky, J.Pumplin and C.-P.Yuan
Reference: arXiv:1007.2241
Format: lhagrid1
DataVersion: 4
NumMembers: 53
Particle: 2212
Flavors: [-5, -4, -3, -2, -1, 1, 2, 3, 4, 5, 21]
OrderQCD: 1
ForcePositive: 1
FlavorScheme: variable
NumFlavors: 5
ErrorType: hessian
ErrorConfLevel: 90
XMin: 1e-08
XMax: 1
QMin: 1.3
QMax: 100000
MZ: 91.1876
MUp: 0
MDown: 0
MStrange: 0
MCharm: 1.3
MBottom: 4.75
MTop: 172
AlphaS_MZ: 0.117982
AlphaS_OrderQCD: 1
AlphaS_Type: ipol
AlphaS_Qs: [1.300000e+00, 1.501589e+00, 1.755161e+00, 2.078105e+00, 2.494944e+00, 3.040864e+00, 3.767117e+00, 4.749989e+00, 6.231051e+00, 8.374331e+00, 1.155487e+01, 1.640743e+01, 2.403849e+01, 3.643639e+01, 5.731406e+01, 9.118760e+01, 9.386835e+01, 1.606573e+02, 2.884377e+02, 5.455739e+02, 1.092347e+03, 2.326489e+03, 5.300332e+03, 1.299495e+04, 3.451500e+04, 1.000000e+05]
AlphaS_Vals: [3.965404e-01, 3.599768e-01, 3.282913e-01, 3.005051e-01, 2.758906e-01, 2.538969e-01, 2.341034e-01, 2.165968e-01, 2.007269e-01, 1.860202e-01, 1.723811e-01, 1.597213e-01, 1.479634e-01, 1.370422e-01, 1.268954e-01, 1.179816e-01, 1.174679e-01, 1.087082e-01, 1.005725e-01, 9.301712e-02, 8.600183e-02, 7.949171e-02, 7.345181e-02, 6.785027e-02, 6.265673e-02, 5.784449e-02]
AlphaS_Lambda4: 0.326
AlphaS_Lambda5: 0.226
